1269415
1269269
1269257
1269098
1269032
1269000
1268938
1268382
1268333
1268165
1267271
1268183
1267579
1267535
1267465
1213828
1267301
1222829
1266977
1266969
1266840
1265605
1266905
1266787
1266752
1269002
1269459
1269457
1269456
1269458
1269454
1269453
1269452
1269449
1269447
1269446
1269435
1269428
1269441
1269440
1269438
1269436
1269426
1269363
1269423
1269388
1269416
1269400
1268434
1266550
1268421
1264854
1268451
1267113
1269372
1269014
1264488
1268022
1262652
1269145
1265175
1258702
1266698
1268683
1267903
1268120
1261948
1263846
1265225
1254296
1269394
1269393
1265508
1268923
1264276
1268262
1268122
1268628
1266603
1267899
1268734
1268781
1267050
1268518
1264430
1100012
1266689
1269408
1269064
1266524
1268399
1265339
1268371
1268559
1265439
1260869
1264698
1268684
1265394
1266828
1267089
1263535
1262818
1263929
1269013
1268961
1267785
1260519
1267270
1268723
1268480
1268829
1266964
1267324
1266449
1269351
1268442
1268233
1267150
1269189
1265506
1266611
1266021
1261796
1267772
1262728
1264394
1267896
1266923
1269203
1260733
1269001
1269355
1264105
1269008
1266554
1269235
1268427
1260486
1269233
1268507
1263988
1267489
1267675
1251239
1267277
1268110
1268355
1263775
1261042
1269139
1263084
1269318
1266573
1266767
1268188
1269366
1265468
1264977
1268395
1265437
1269093
1269140
1267759
1269037
1269181
1269213
1269337
1268447
1267348
1269277
1266220
1266993
1268084
1266665
1268490
1267316
1269208
1268939
1268679
1267740
1266962
1267403
1266473
1266782
1268736
1268200
1269242
1265337
1268225
1268766
1267873
1267846
1268631
1269113
1264173
1266830
1267495
1267755
1266288
1268412
1269391
1268970
1263251
1267594
1262604
1266975
1268965
1263549
1268807
1267428
1262271
1268304
1266933
1268229
1268134
1265416
1266005
1265763
1268607
1268152
1265277
1266635
1269225
1266647
1264016
1269188
1267710
1262840
1265550
1269236
1266897
1265189
1266939
1266082
1262505
1266577
1269190
1267613
1267963
1269124
1269024
1269222
1262973
1267580
1263332
1268028
1268613
1261148
1266019
1266118
1267121
1268359
1267016
1267363
1269067
1266899
1268130
1266733
1263862
1267264
1264096
1267315
1268536
1269238
1267018
1268672
1268740
1266898
1268689
1268985
1264046
1267898
1240204
1266421
1268087
1268911
1268648
1267372
1267667
1269262
1264935
1267257
1269036
1268713
1269265
1267043
1265828
1268805
1267543
1266778
1268504
1267344
1266329
1267322
1267612
1264938
1262980
1268890
1268190
1268014
1268256
1264714
1267854
1265611
1269243
1264870
1268497
1269103
1260394
1265954
1268715
1266120
1268968
1266179
1268557
1267297
1267652
1269007
1268800
1263173
1266453
1263412
1266248
1267861
1266358
1267418
1265257
1265819
1269206
1269229
1269215
1268959
1269239
1268839
1266914
1268227
1268852
1268871
1264937
1269141
1265425
1233524
1263098
1265661
1265392
1268133
1268081
1265434
1268732
1268986
1267604
1267742
1268492
1268844
1265482
1267831
1268428
1268175
1269219
1267000
1268213
1265771
1264649
1268701
1268468
1269125
1268710
1268921
1269353
1266929
1267869
1260851
1268182
1269022
1268115
1264102
1268426
1265797
1269291
1267586
1268901
1267746
1265271
1266295
1267655
1269029
1265892
1265435
1267711
1268000
1268002
1266912
1269080
1268242
1268675
1264824
1269070
1269336
1269298
1268253
1269017
1264687
1261071
1267838
1268334
1269132
1261483
1269101
1267555
1268677
1266669
1267857
1265964
1269271
1268532
1268914
1266502
1262393
1269365
1266292
1265379
1264943
1269176
1262478
1262618
1268940
1265433
1262186
1260841
1269069
1268945
1267709
1268244
1269402
1267208
1268274
1203263
1267327
1265008
1266728
1267749
1269060
1266536
1266709
1267957
1266757
1269300
1266251
1266882
1268377
1268891
1264409
1268159
1267217
1264088
1269301
1268869
1268765
1266191
1266931
1268249
1262745
1267033
1266974
1264795
1264459
1266244
1269009
1266707
1267158
1268697
1269237
1265423
1268912
1260792
1269398
1269165
1269356
1269340
1268953
1268562
1269034
1269282
1266460
1267950
1268385
1269371
1264840
1266335
1248523
1245007
1269413
1268290
1268787
398455
1264490
1268156
1263401
1268870
1264296
1269250
1268280
1266068
1267848
1269259
1267723
1268899
1268257
1267841
1223020
1268291
1267820
1265378
1267443
1268830
1266725
1267219
1267663
1263205
1268414
1269146
1268295
1260545
1268950
1266639
1267105
1265133
1263665
1267107
1262890
1266314
1268614
1267582
1269320
1268285
1266285
1266303
1268184
1268317
1269248
1268855
1267343
1268926
1267851
1269026
1268624
1267548
1266760
1261147
1267289
1269230
1267116
1268789
1269377
1266156
1260526
1268788
1269288
1269128
1269260
1268752
1268245
1267215
1263823
1268513
1266616
1269035
1268727
1267732
1266095
1269109
1268469
1269368
1269108
1267741
1264012
1267236
1266452
1267154
1266982
1267878
1268203
1265284
1267814
1262454
1269120
1267567
1267249
650854
1268999
1265202
1261647
1267503
1268470
1262830
1267538
1268495
1268761
1268537
1259687
1267419
1268538
1267922
1267527
1269164
1269327
1267946
1260732
1267233
1265775
1268756
1201425
1262152
1268908
1266223
1268391
1268036
1268866
1267063
1267971
1269397
1268629
1214338
1266309
1268239
1267691
1261835
1268358
1265097
1264015
1269059
1267805
1264321
1266634
1268878
1268221
1266845
1267256
1268496
1266756
1268004
1268951
1266876
1268224
1267295
1268976
1268785
1269154
1268498
1268581
1266692
1263806
1264775
1267073
1267597
1263258
1265929
1267352
1266920
1265917
1268963
1268612
1234130
1269306
1269375
1268212
1263767
1263851
1253961
1265909
1268645
1269051
1267291
1269383
1261418
1269345
1267304
1268640
1268289
1266687
1264722
1268884
1269063
1268277
1268433
1268155
1267649
1267964
1264659
1267617
1267912
1267670
1269025
1269084
1266601
1269133
1268943
1268326
1259104
1264947
1260935
1267799
1264221
1268900
1268910
1268369
1265158
1268053
1266307
1268141
1269232
1268857
1256298
1265067
1268566
1269058
1268993
1262014
1267605
1268443
1265462
1268313
1268605
1265501
1264811
1268029
1267094
1267843
1268107
1268404
1268347
1266999
1240076
1264479
1262137
1267498
1267810
1268378
1269335
1267985
1266799
1266140
1266506
1269387
1266341
1268989
1261332
1267993
1268509
1267392
1266107
1264785
1266123
1266967
1269074
1267075
1267731
1265793
1264483
1264400
1265921
1266602
1267585
1266620
1267130
1266917
1266022
1239948
1269251
1263343
1268664
1268931
1267425
1267539
1263136
1262499
1267041
1268979
1268267
1268676
1268887
1267798
1268112
1259118
1268658
1268308
1262231
1260885
1266505
1268136
1266092
1267222
1261545
1267720
1268625
1268897
1269382
1268124
1269339
1267275
1268331
1268725
1267651
1268777
1266441
1269127
1257585
1269299
1269100
1269403
1264530
1264493
1142803
1267616
1269334
1262891
1264957
1267664
1264955
1266138
1268586
1268942
1265947
1269342
1268413
1152243
1266842
1268618
1264180
1267715
1269200
1267716
1268491
1267540
1262010
1261116
1269193
1268739
1265663
1267524
1267204
1269068
1269347
1235439
1268401
1263785
1262012
1263146
1265436
1268883
1260253
1267143
1268881
1264494
1266979
1266485
1267928
1265497
1268501
1266734
1266412
1268091
1268388
1269114
1268380
1268797
1267560
1266837
1266363
1268848
1263071
1267210
1267900
1259469
1264727
1267817
1264205
1258906
1268649
1269361
1268180
1267170
1267668
1268822
1267827
1267449
1263213
1266955
1268314
1261185
1267699
1267624
1263680
1263116
1267492
1263175
1268269
1265773
1266699
1266163
1268220
1249951
1267135
1267939
1268747
1258077
1267980
1267978
1267826
1267238
1269187
1263692
1266776
1265994
1269328
1267816
1262492
1261831
1267293
1268880
1263110
1269004
1268949
1269276
1266320
1260974
1268630
1262128
1268874
1268952
1269021
1267894
1268778
1258527
1267918
1267368
1266560
1264996
1268702
1266956
1269295
1267334
1268733
1266471
1264774
1268995
1268889
1265631
1268372
1268660
1261125
1268068
1265906
1269126
1265431
1260477
1266589
1268096
1266106
1268671
1266510
1268060
1265896
1265316
1268696
1262942
1266681
1267858
1266010
1268160
1269066
1267844
1264730
1262566
1263645
1268554
1264025
1264512
1268780
1267347
1268726
1265682
1263985
1268083
1267952
1265633
1269003
1268670
1267502
1267474
1266960
1267842
1268379
1266158
1268092
1263391
1264392
1264196
1269099